35
0.08 0.12 0 1
0.08 0.12 1 1
0.08 0.12 1 0
0.08 0.12 0 0
0.08 0.12 0 0
0.08 0.12 1 1
0.08 0.12 1 1
0.08 0.12 0 1
0.08 0.12 0 1
0.08 0.12 1 0
0.08 0.12 1 2
0.08 0.12 0 1
0.08 0.12 0 1
0.08 0.12 1 0
0.08 0.12 1 0
0.08 0.12 1 0
0.08 0.12 0 0
0.08 0.12 0 0
0.08 0.12 1 0
0.08 0.12 1 0
0.08 0.12 0 0
0.08 0.12 0 0
0.08 0.12 1 0
0.08 0.12 1 0
0.08 0.12 0 0 
0.08 0.12 0 1
0.08 0.12 1 1
0.08 0.12 1 1
0.08 0.12 0 0
0.08 0.12 0 0
0.08 0.12 0 0
0.08 0.12 1 0
0.08 0.12 1 0
0.08 0.12 0 0
0.08 0.12 0 0
0.08 0.12 1 0 
0.08 0.12 1 0
0.08 0.12 0 0
0.08 0.12 0 0
0.08 0.12 1 1
0.08 0.12 1 1
0.08 0.12 0 0
0.08 0.12 0 0
0.08 0.12 1 1
0.08 0.12 1 1
0.08 0.12 1 0 
0.08 0.12 0 0
0.08 0.12 0 0
0.08 0.12 1 0
0.08 0.12 1 1
0.08 0.12 0 1
0.08 0.12 0 0
0.08 0.12 1 2
0.08 0.12 1 2
0.08 0.12 0 1
0.08 0.12 0 0
0.08 0.12 1 0
0.08 0.12 1 0
0.08 0.12 0 0
0.08 0.12 0 0
0.08 0.12 0 0
0.08 0.12 1 0
0.08 0.12 1 0
0.08 0.12 0 0
0.08 0.12 0 0
0.08 0.12 1 0
0.08 0.12 1 0
0.08 0.12 0 0
0.08 0.12 0 0
0.08 0.12 1 0
0.08 0.12 1 0
0.08 0.12 0 0
0.08 0.12 0 0
0.08 0.12 1 0
0.08 0.12 1 0
